     row   col  intensity
0    1.0   1.0        0.0
1    1.0   2.0        0.0
2    1.0   3.0        0.0
3    1.0   4.0        0.0
4    1.0   5.0        0.0
5    1.0   6.0        0.0
6    1.0   7.0        0.0
7    1.0   8.0        0.0
8    1.0   9.0        0.0
9    1.0  10.0        0.0
10   1.0  11.0        0.0
11   1.0  12.0        0.0
12   1.0  13.0        0.0
13   2.0   1.0        0.0
14   2.0   2.0        0.0
15   2.0   3.0        0.0
16   2.0   4.0        0.0
17   2.0   5.0        0.0
18   2.0   6.0        0.0
19   2.0   7.0        0.0
20   2.0   8.0        0.0
21   2.0   9.0        0.0
22   2.0  10.0        0.0
23   2.0  11.0        0.0
24   2.0  12.0        0.0
25   2.0  13.0        0.0
26   3.0   1.0        0.0
27   3.0   2.0        0.0
28   3.0   3.0        0.0
29   3.0   4.0        0.0
..   ...   ...        ...
87   7.0  10.0        0.0
88   7.0  11.0        0.0
89   7.0  12.0        0.0
90   7.0  13.0        0.0
91   8.0   1.0        0.0
92   8.0   2.0        0.0
93   8.0   3.0        0.0
94   8.0   4.0        0.0
95   8.0   5.0        0.0
96   8.0   6.0        0.0
97   8.0   7.0        0.0
98   8.0   8.0        0.0
99   8.0   9.0        0.0
100  8.0  10.0        0.0
101  8.0  11.0        0.0
102  8.0  12.0        0.0
103  8.0  13.0        0.0
104  9.0   1.0        0.0
105  9.0   2.0        0.0
106  9.0   3.0        0.0
107  9.0   4.0        0.0
108  9.0   5.0        0.0
109  9.0   6.0        0.0
110  9.0   7.0        0.0
111  9.0   8.0        0.0
112  9.0   9.0        0.0
113  9.0  10.0        0.0
114  9.0  11.0        0.0
115  9.0  12.0        0.0
116  9.0  13.0        0.0

[117 rows x 3 columns]
